out4.txt 2 81 99 27 77 31 43 
out6.txt 2 96 73 16 47 81 67 
out7.txt 2 33 18 74 73 82 31 
out6.txt 1 71 81 7 58 99 83 
out4.txt 2 18 58 86 55 61 17 
out2.txt 2 96 83 86 24 100 76 
out6.txt 2 11 48 69 65 23 16 
out9.txt 2 29 27 51 41 42 88 
out11.txt 1 58 84 40 34 12 67 
out8.txt 1 66 18 2 59 81 28 
out10.txt 1 12 68 80 14 49 25 
out5.txt 2 88 45 24 47 83 71 
out11.txt 2 49 1 38 39 67 97 
out8.txt 2 4 78 95 22 40 56 
out5.txt 1 79 8 15 56 35 26 
out10.txt 1 31 88 35 9 46 48 
out5.txt 2 31 5 12 21 26 98 
out8.txt 2 7 62 86 77 77 59 
out3.txt 1 22 30 38 59 73 34 
out2.txt 2 4 76 84 22 71 55 
out4.txt 1 81 31 89 96 5 84 
out5.txt 2 72 76 50 15 41 12 
out7.txt 2 16 70 67 52 35 91 
out9.txt 1 18 97 58 43 51 47 
out2.txt 2 37 48 86 40 100 85 
out2.txt 1 57 62 56 24 30 82 
out11.txt 1 65 66 17 58 77 51 
out6.txt 2 85 11 73 22 20 2 
out4.txt 1 9 29 74 22 28 86 
out1.txt 1 59 29 31 52 90 54 
out3.txt 1 45 93 22 94 40 95 
out1.txt 2 13 45 99 37 4 78 
out11.txt 1 99 47 54 41 47 23 
out7.txt 1 35 93 24 76 15 32 
out1.txt 1 24 94 43 6 6 50 
out7.txt 2 78 68 29 64 69 60 
out11.txt 2 13 17 13 26 38 55 
out8.txt 2 44 69 43 67 19 76 
out10.txt 1 42 82 95 68 80 38 
out7.txt 2 56 48 18 37 37 79 
out7.txt 1 21 22 96 95 61 60 
out1.txt 1 77 47 15 57 28 30 
out9.txt 2 67 41 86 84 15 93 
out5.txt 2 52 89 7 86 74 93 
out4.txt 1 25 77 75 66 25 32 
out10.txt 1 88 13 64 7 16 25 
out7.txt 2 36 59 50 17 9 40 
out1.txt 1 4 99 31 39 98 8 
out10.txt 2 92 39 73 51 88 24 
out8.txt 1 68 64 4 7 10 79 
out11.txt 1 79 91 41 90 12 55 
out3.txt 1 85 26 12 10 40 53 
out3.txt 1 90 100 42 20 92 4 
out11.txt 2 37 28 32 8 81 62 
out1.txt 2 65 31 3 26 90 34 
out4.txt 1 64 13 98 85 16 40 
out5.txt 2 83 20 59 43 91 64 
out7.txt 1 79 5 47 19 55 31 
out11.txt 2 59 41 9 70 57 29 
out9.txt 2 11 81 30 71 89 37 
out9.txt 2 3 30 88 16 59 11 
out6.txt 1 82 30 63 50 35 29 
out3.txt 2 91 54 18 68 7 39 
out2.txt 1 59 50 68 73 73 32 
out11.txt 1 82 32 84 93 83 42 
out1.txt 2 30 77 88 100 41 22 
out7.txt 1 59 6 15 24 22 21 
out4.txt 1 77 12 99 90 63 28 
out9.txt 2 80 28 28 28 31 73 
out8.txt 1 71 52 55 34 77 24 
out11.txt 1 90 100 76 68 61 87 
out5.txt 1 64 90 68 82 36 23 
out3.txt 2 93 27 92 32 90 40 
out2.txt 2 21 4 20 7 27 40 
out4.txt 1 11 82 100 30 100 29 
out8.txt 2 51 86 75 69 50 59 
out6.txt 2 49 5 35 50 26 31 
out3.txt 1 28 45 94 75 60 90 
out2.txt 2 84 62 76 97 67 31 
out8.txt 2 68 30 78 4 14 4 
out11.txt 1 40 42 41 49 26 54 
out1.txt 2 40 62 49 82 90 86 
out9.txt 1 68 53 19 86 34 92 
out2.txt 2 46 27 28 98 88 76 
out6.txt 1 91 53 23 25 18 4 
out3.txt 1 2 9 79 73 50 24 
out5.txt 1 19 75 66 76 57 70 
out1.txt 2 13 81 95 55 9 50 
out10.txt 1 92 59 45 6 87 62 
out1.txt 1 24 76 70 83 56 83 
out7.txt 1 29 48 13 7 44 71 
out6.txt 2 29 3 12 44 67 81 
out3.txt 1 69 16 98 13 59 32 
out4.txt 1 84 24 94 44 37 100 
out10.txt 2 54 31 79 79 83 24 
out11.txt 1 54 39 30 28 99 50 
out9.txt 1 40 16 63 61 83 98 
out2.txt 2 24 53 20 49 3 63 
out6.txt 1 46 49 4 89 43 8 
out11.txt 2 80 71 97 63 26 21 
out2.txt 2 95 55 12 59 19 36 
out8.txt 2 86 94 71 21 52 16 
out3.txt 1 29 34 26 60 10 25 
out6.txt 1 99 84 47 2 51 14 
out1.txt 1 20 65 71 77 12 73 
out5.txt 2 45 53 28 40 91 51 
out9.txt 2 87 54 66 80 53 29 
out6.txt 2 99 66 74 24 89 96 
out8.txt 2 1 13 31 85 52 22 
out1.txt 1 36 68 63 87 47 15 
out4.txt 1 4 77 75 94 89 25 
out4.txt 2 5 77 58 5 42 29 
out1.txt 1 21 40 66 43 16 83 
out5.txt 2 69 16 3 97 30 45 
out4.txt 1 1 11 54 77 48 9 
out3.txt 1 35 44 76 14 61 55 
out6.txt 1 32 18 77 5 29 44 
out6.txt 2 47 45 1 6 27 93 
out2.txt 1 56 31 38 33 84 93 
out2.txt 2 10 65 59 50 74 71 
out9.txt 2 14 27 23 57 62 45 
out9.txt 1 70 35 68 10 46 67 
out7.txt 2 54 18 77 95 55 9 
out1.txt 2 19 74 29 37 96 28 
out9.txt 1 51 46 85 11 70 10 
out9.txt 2 10 42 37 30 7 27 
out6.txt 1 44 52 15 86 79 44 
out10.txt 2 8 76 63 31 25 96 
out7.txt 2 55 29 70 73 59 86 
out3.txt 1 99 85 100 53 82 21 
out3.txt 1 68 21 89 30 15 71 
out1.txt 1 99 10 67 13 36 34 
out4.txt 1 6 26 7 13 48 38 
out1.txt 1 5 25 4 92 23 80 
out11.txt 2 8 13 55 8 75 14 
out5.txt 2 38 90 33 94 93 81 
out9.txt 1 48 62 83 58 37 86 
out5.txt 2 92 22 21 86 66 25 
out8.txt 1 7 87 64 30 51 21 
out4.txt 2 75 58 81 79 37 2 
out5.txt 1 25 65 11 69 46 2 
out9.txt 1 92 44 84 39 27 28 
out10.txt 2 8 4 21 3 19 88 
out2.txt 1 57 35 82 35 94 13 
out4.txt 1 14 98 59 65 75 77 
out10.txt 1 2 90 77 47 74 49 
out9.txt 1 89 28 25 92 71 34 
out10.txt 2 96 6 4 90 37 49 
out7.txt 1 57 27 50 58 4 57 
out4.txt 1 84 34 79 71 56 67 
out7.txt 1 89 63 29 27 47 33 
out3.txt 1 4 24 4 64 90 100 
out8.txt 2 59 86 4 92 33 72 
out5.txt 2 32 14 91 30 67 80 
out11.txt 1 48 45 13 31 35 39 
out9.txt 2 93 20 62 46 58 40 
out3.txt 2 29 52 27 4 42 7 
out4.txt 2 40 43 5 72 24 74 
out5.txt 2 74 81 44 21 7 65 
out4.txt 2 71 88 81 79 63 66 
out11.txt 2 5 65 17 93 59 34 
out7.txt 2 34 1 71 74 88 22 
out11.txt 1 3 17 14 43 15 74 
out11.txt 2 14 26 90 3 75 26 
out10.txt 1 57 37 94 20 96 8 
out11.txt 1 72 72 96 7 37 12 
out8.txt 2 39 31 44 71 32 52 
out3.txt 2 30 4 40 23 44 20 
out5.txt 2 56 83 39 71 14 43 
out3.txt 2 12 75 10 71 97 59 
out2.txt 2 19 76 6 9 72 69 
out6.txt 2 91 59 76 66 8 3 
out1.txt 2 69 57 19 96 55 33 
out9.txt 1 9 3 2 27 79 25 
out9.txt 2 77 36 31 19 72 14 
out8.txt 1 5 34 29 24 14 85 
out3.txt 2 98 45 63 75 45 63 
out10.txt 2 50 80 83 30 70 28 
out6.txt 2 14 2 76 27 13 31 
out6.txt 1 9 7 24 86 98 56 
out1.txt 1 78 72 55 10 22 69 
out1.txt 1 25 70 90 96 16 41 
out2.txt 2 30 99 53 53 93 84 
out7.txt 1 5 92 77 62 3 33 
out9.txt 1 41 34 2 39 44 7 
out3.txt 2 53 73 82 6 36 84 
out3.txt 1 90 60 65 11 94 21 
out11.txt 2 63 6 23 67 31 48 
out6.txt 1 83 94 5 90 17 20 
out4.txt 2 86 25 44 98 2 37 
out1.txt 2 24 15 72 11 79 45 
out7.txt 1 17 5 94 66 61 56 
out1.txt 2 36 54 83 17 27 5 
out9.txt 1 40 97 15 75 2 95 
out3.txt 1 30 32 27 25 60 13 
out11.txt 1 37 13 44 29 85 63 
out1.txt 1 28 84 53 42 45 10 
out10.txt 2 67 98 96 98 72 76 
out9.txt 2 35 85 6 83 96 33 
out7.txt 1 85 22 46 47 15 95 
out7.txt 1 55 89 82 44 55 71 
out6.txt 1 48 8 75 61 64 82 
out10.txt 2 34 48 72 47 65 1 
out5.txt 2 95 63 39 77 80 65 
out9.txt 1 77 49 35 96 25 44 
out5.txt 2 29 7 31 47 78 2 
out8.txt 1 21 35 50 40 26 33 
out2.txt 2 30 69 13 1 50 73 
out3.txt 2 87 75 28 69 39 37 
out9.txt 1 27 15 69 72 31 80 
out11.txt 2 55 92 87 79 19 28 
out7.txt 2 86 44 48 97 86 39 
out6.txt 1 43 53 4 27 29 9 
out11.txt 2 18 19 48 77 21 43 
out4.txt 2 92 4 88 6 36 44 
out6.txt 2 58 60 53 73 60 98 
out6.txt 1 70 65 64 62 75 45 
out6.txt 2 15 44 89 33 29 9 
out10.txt 2 24 58 81 64 81 19 
out2.txt 1 8 61 92 59 29 79 
out5.txt 2 57 36 95 95 9 45 
out3.txt 2 60 50 31 37 20 12 
out9.txt 1 7 80 17 86 43 50 
out11.txt 1 63 58 84 89 63 94 
out6.txt 1 26 26 82 41 43 97 
out1.txt 1 31 69 11 83 36 73 
out5.txt 1 61 96 40 2 24 16 
out7.txt 2 80 100 74 19 48 39 
out3.txt 1 31 95 28 77 38 73 
out5.txt 1 34 1 49 93 75 100 
out6.txt 1 74 71 51 3 45 87 
out8.txt 1 17 7 65 99 86 34 
out6.txt 1 27 10 62 73 4 36 
out6.txt 1 79 81 60 83 79 56 
out11.txt 1 66 37 74 73 75 81 
out5.txt 2 63 67 50 43 31 83 
out3.txt 2 29 73 72 31 34 31 
out1.txt 2 69 86 48 63 74 55 
out10.txt 2 53 66 56 61 60 39 
out2.txt 2 74 4 44 95 14 9 
out7.txt 1 91 54 65 79 37 26 
out11.txt 1 44 57 10 71 67 31 
out5.txt 2 56 61 38 74 38 21 
out4.txt 1 6 13 56 89 51 57 
out2.txt 1 64 62 9 3 3 9 
out5.txt 1 40 8 98 10 50 5 
out3.txt 2 21 36 47 16 87 39 
out6.txt 2 12 28 50 23 73 59 
out4.txt 2 28 9 66 89 38 84 
out7.txt 2 28 87 56 41 95 49 
out1.txt 1 97 69 4 20 41 29 
out8.txt 1 10 47 81 24 30 31 
out2.txt 1 99 74 13 85 65 11 
out3.txt 1 10 48 82 19 21 59 
out11.txt 1 1 41 21 9 42 74 
out1.txt 2 86 7 93 45 81 77 
out6.txt 1 89 43 93 93 19 69 
out10.txt 2 86 13 3 64 70 14 
out9.txt 1 44 72 65 39 56 47 
out11.txt 1 22 52 28 37 74 84 
out10.txt 1 46 2 67 51 22 59 
out6.txt 2 90 7 33 88 26 47 
out4.txt 1 69 17 61 27 26 76 
out1.txt 2 36 21 7 40 69 33 
out8.txt 2 14 8 90 22 9 97 
out5.txt 1 19 26 44 100 55 79 
out11.txt 2 26 2 24 15 12 37 
out11.txt 2 75 100 53 62 74 84 
out9.txt 1 37 89 40 31 96 91 
out1.txt 2 73 2 2 35 78 80 
out8.txt 2 54 89 63 10 54 30 
out10.txt 1 87 67 36 36 50 53 
out10.txt 1 92 8 85 97 19 64 
out10.txt 2 80 35 56 90 59 78 
out5.txt 2 96 7 73 77 80 38 
out1.txt 2 83 79 92 89 35 44 
out4.txt 2 85 31 51 100 58 30 
out11.txt 2 5 32 21 23 14 19 
out6.txt 1 94 28 43 46 26 3 
out8.txt 1 77 56 42 77 54 12 
out6.txt 1 25 60 55 84 13 51 
out2.txt 1 6 98 62 24 76 1 
out5.txt 2 55 20 84 72 84 47 
out9.txt 1 12 25 34 53 80 99 
out10.txt 2 53 68 3 18 28 12 
out9.txt 1 13 13 74 5 55 9 
out10.txt 2 51 58 65 75 58 47 
out1.txt 2 32 16 39 28 31 99 
out6.txt 2 71 99 59 69 67 53 
out6.txt 1 16 57 39 44 49 83 
out11.txt 2 54 87 14 32 69 2 
out8.txt 2 77 95 50 42 13 29 
out4.txt 1 85 65 15 30 43 29 
out10.txt 1 9 14 29 11 100 79 
out6.txt 1 100 20 46 18 51 62 
out10.txt 2 91 95 54 32 76 88 
out5.txt 2 66 45 78 19 14 18 
out11.txt 1 46 3 9 42 70 9 
out3.txt 1 94 7 70 70 57 65 
out4.txt 2 79 24 60 93 58 66 
out6.txt 2 81 29 20 58 57 18 
out9.txt 2 53 50 35 59 2 72 
out6.txt 1 34 100 49 50 20 100 
out9.txt 1 11 54 35 85 6 69 
out4.txt 1 100 67 2 55 97 10 
out10.txt 1 49 13 18 56 19 18 
out2.txt 2 89 25 40 16 90 11 
out3.txt 1 28 32 36 93 87 26 
out6.txt 2 54 20 8 48 40 66 
out9.txt 2 90 21 27 48 95 17 
out4.txt 1 28 40 54 24 65 94 
out10.txt 1 67 39 79 32 15 85 
out5.txt 1 43 15 77 75 44 42 
out3.txt 1 28 41 21 80 53 62 
out2.txt 1 77 42 64 20 59 1 
out11.txt 1 94 60 67 78 57 10 
out4.txt 1 31 18 78 28 80 13 
out5.txt 1 15 43 53 59 65 92 
out1.txt 1 5 63 30 14 2 31 
out6.txt 1 47 80 29 68 21 57 
out10.txt 2 50 59 30 65 35 76 
out4.txt 2 35 65 62 21 51 9 
out11.txt 2 41 39 67 9 73 41 
out1.txt 1 24 26 20 68 39 65 
out9.txt 1 28 48 50 72 47 47 
out9.txt 1 72 84 81 27 47 59 
out6.txt 2 80 42 88 74 100 75 
out9.txt 1 27 89 17 72 87 28 
out3.txt 1 93 19 5 28 99 94 
out4.txt 2 74 44 66 35 5 47 
out11.txt 2 81 79 88 100 23 61 
out1.txt 2 51 68 87 68 57 24 
out2.txt 1 73 52 92 74 95 41 
out9.txt 1 89 93 96 99 25 61 
out8.txt 2 6 63 60 11 38 47 
out3.txt 1 95 28 87 39 94 53 
out3.txt 2 29 61 63 81 15 28 
out4.txt 1 30 51 8 67 59 45 
out2.txt 2 82 11 83 56 17 100 
out4.txt 2 21 73 68 97 84 1 
out1.txt 2 15 61 25 77 27 82 
out4.txt 1 43 37 29 78 4 95 
out1.txt 1 97 4 62 13 84 78 
out11.txt 2 60 43 3 14 4 75 
out5.txt 2 92 39 79 90 11 20 
out5.txt 1 73 44 12 4 6 58 
out7.txt 2 43 65 24 56 11 87 
out7.txt 1 36 46 56 59 75 30 
out8.txt 2 81 16 16 41 31 42 
out3.txt 1 97 32 32 77 31 3 
out10.txt 1 76 85 90 21 54 88 
out6.txt 1 77 29 78 27 67 15 
out11.txt 2 72 20 17 45 68 36 
out10.txt 2 89 33 54 90 57 86 
out4.txt 2 16 23 4 35 49 96 
out4.txt 2 75 42 18 42 2 26 
out10.txt 1 87 11 85 10 12 10 
out8.txt 2 59 79 38 30 78 15 
out9.txt 2 51 44 29 22 49 45 
out10.txt 2 54 67 75 89 14 15 
out3.txt 2 9 56 85 9 44 23 
out10.txt 2 14 41 27 13 4 86 
out9.txt 1 1 16 26 2 88 53 
out3.txt 2 38 29 42 15 89 53 
out10.txt 2 93 24 100 9 89 24 
out2.txt 1 93 61 29 51 29 10 
out8.txt 2 18 75 74 88 51 97 
out7.txt 2 16 51 38 60 58 66 
out1.txt 2 89 52 43 71 21 78 
out7.txt 2 34 13 6 17 92 56 
out7.txt 2 51 92 82 23 3 69 
out6.txt 1 42 63 68 97 40 96 
out3.txt 2 48 82 82 81 66 6 
out11.txt 2 76 78 7 43 84 81 
out3.txt 2 50 13 9 43 26 49 
out8.txt 2 1 27 64 89 97 76 
out1.txt 2 86 90 72 61 94 47 
out11.txt 1 87 4 47 91 47 86 
out4.txt 1 97 16 76 13 18 69 
out1.txt 1 82 80 81 28 12 86 
out4.txt 2 15 26 98 54 63 28 
out9.txt 2 35 78 56 87 32 38 
out8.txt 2 6 50 63 92 26 48 
out9.txt 2 67 58 100 34 13 33 
out2.txt 1 51 40 63 69 76 28 
out5.txt 1 56 89 94 78 11 80 
out7.txt 2 91 35 1 68 10 27 
out2.txt 1 42 37 88 92 12 39 
out10.txt 1 6 54 100 5 52 12 
out8.txt 1 82 30 42 81 72 79 
out6.txt 2 30 58 18 57 13 98 
out8.txt 2 22 56 74 77 69 46 
out10.txt 2 92 22 61 26 61 32 
out10.txt 2 45 95 72 2 47 88 
out10.txt 2 1 81 96 36 65 73 
out5.txt 2 54 1 41 62 28 51 
out11.txt 2 85 72 25 25 86 96 
out5.txt 1 78 16 15 44 57 79 
out9.txt 1 47 62 72 44 41 16 
out2.txt 2 88 18 66 45 14 38 
out2.txt 1 30 2 60 53 27 59 
out10.txt 1 43 95 55 36 64 80 
out2.txt 1 43 34 49 14 97 46 
out4.txt 2 67 96 12 88 33 42 
out6.txt 2 33 10 91 58 68 35 
out2.txt 1 1 2 42 40 53 2 
out3.txt 2 31 65 9 9 41 69 
out3.txt 1 39 23 4 83 10 85 
out6.txt 1 35 34 70 16 5 54 
out3.txt 2 49 15 38 39 21 11 
out5.txt 2 86 58 100 17 61 75 
out7.txt 1 80 90 90 45 50 41 
out8.txt 1 45 44 68 64 87 1 
out5.txt 2 45 8 39 17 14 25 
out9.txt 1 44 91 91 90 30 41 
out4.txt 2 98 31 37 54 39 7 
out10.txt 1 97 85 18 1 8 80 
out4.txt 2 83 29 26 19 61 17 
out10.txt 2 45 70 74 41 66 66 
out7.txt 2 5 40 10 82 83 99 
out1.txt 2 1 68 7 19 45 82 
out6.txt 2 53 96 74 12 75 43 
out2.txt 1 93 12 100 77 38 68 
out8.txt 1 41 22 60 2 32 49 
out8.txt 1 56 43 48 75 94 85 
out1.txt 2 49 64 12 32 15 82 
out8.txt 2 25 33 10 66 35 81 
out1.txt 2 78 49 28 72 24 12 
out1.txt 1 97 92 45 84 64 51 
out1.txt 1 90 20 64 72 20 100 
out5.txt 1 39 53 35 41 87 99 
out6.txt 1 89 61 17 55 37 98 
out11.txt 1 94 40 89 91 13 65 
out10.txt 2 100 93 73 87 20 79 
out10.txt 1 4 96 64 25 44 95 
out2.txt 1 12 69 48 68 9 33 
out4.txt 2 14 43 32 2 47 63 
out2.txt 1 30 11 8 29 86 92 
out3.txt 1 89 53 8 6 72 68 
out1.txt 1 16 91 73 93 19 30 
out3.txt 2 89 97 84 83 24 1 
out8.txt 2 70 74 64 42 74 27 
out7.txt 2 88 21 8 65 85 1 
out9.txt 1 6 41 59 73 31 25 
out1.txt 2 83 66 6 97 82 22 
out7.txt 2 3 85 58 67 24 96 
out7.txt 1 3 100 88 77 77 61 
out10.txt 1 48 8 39 45 57 1 
out5.txt 2 92 17 25 69 8 55 
out10.txt 1 81 50 98 71 20 94 
out9.txt 2 92 26 67 14 30 73 
out3.txt 1 76 84 64 8 93 36 
out1.txt 2 48 19 18 50 38 85 
out4.txt 2 52 11 47 51 34 39 
out2.txt 1 89 3 53 9 3 46 
out11.txt 1 56 92 79 22 83 20 
out11.txt 1 43 48 92 52 91 9 
out5.txt 1 69 45 29 98 50 1 
out9.txt 1 84 6 47 89 40 41 
out4.txt 2 54 33 83 75 19 34 
out5.txt 2 73 48 5 84 37 54 
out3.txt 2 74 35 57 32 68 1 
out11.txt 2 7 80 37 42 33 73 
out10.txt 1 65 40 37 20 77 10 
out9.txt 1 31 31 77 80 23 59 
out9.txt 2 84 35 35 65 40 51 
out4.txt 1 81 9 71 52 22 76 
out3.txt 2 21 47 57 64 82 100 
out11.txt 2 39 12 18 43 81 87 
out4.txt 2 44 95 22 74 31 10 
out9.txt 1 66 9 19 64 99 76 
out6.txt 2 82 94 46 16 72 43 
out7.txt 2 90 13 93 26 96 51 
out8.txt 2 32 77 39 30 87 96 
out11.txt 1 18 68 12 85 68 43 
out10.txt 1 76 59 36 42 36 32 
out10.txt 1 9 88 92 19 94 55 
out5.txt 2 57 39 62 29 37 43 
out5.txt 2 93 77 100 16 17 6 
out7.txt 1 63 21 48 40 79 12 
out2.txt 2 46 98 31 5 56 51 
out7.txt 1 64 46 53 32 30 40 
out6.txt 2 11 30 60 52 51 12 
out5.txt 2 35 59 94 98 55 80 
out11.txt 2 27 2 82 24 42 47 
out7.txt 1 60 65 39 94 92 63 
out8.txt 2 60 57 59 85 88 31 
out2.txt 2 48 62 9 70 66 23 
out11.txt 2 71 70 4 85 33 2 
out7.txt 1 16 2 66 31 33 3 
out2.txt 2 28 59 21 99 29 13 
out9.txt 2 62 18 18 34 63 44 
out4.txt 1 93 68 53 51 83 65 
out5.txt 2 10 27 39 20 12 78 
out9.txt 1 63 71 28 43 27 36 
out6.txt 2 29 50 41 1 77 66 
out2.txt 2 15 33 38 18 37 5 
out11.txt 1 77 17 21 100 37 54 
out11.txt 1 86 3 85 92 12 21 
out1.txt 1 6 88 81 72 62 70 
out9.txt 2 52 9 27 75 84 3 
out3.txt 1 21 20 97 39 99 20 
out1.txt 1 11 61 55 14 34 87 
out11.txt 2 79 62 70 46 13 84 
out11.txt 1 20 72 11 73 99 2 
out7.txt 1 46 52 42 98 36 48 
out1.txt 2 20 27 92 42 23 29 
out3.txt 1 33 41 33 15 78 92 
out6.txt 2 67 38 71 24 1 29 
out6.txt 2 20 64 93 99 71 98 
out9.txt 1 27 15 72 2 93 2 
out11.txt 2 21 29 14 100 53 66 
out7.txt 2 41 22 82 1 64 27 
out10.txt 2 11 14 5 65 40 85 
out5.txt 1 46 45 64 49 71 79 
out6.txt 1 26 66 48 15 82 93 
out3.txt 2 86 13 73 7 39 65 
out7.txt 2 51 60 63 37 31 74 
out5.txt 2 55 39 60 64 69 85 
out5.txt 2 95 96 64 7 61 18 
out3.txt 1 14 35 63 70 94 59 
out10.txt 1 40 95 3 25 44 86 
out6.txt 1 32 55 43 25 47 29 
out8.txt 2 14 98 13 45 98 37 
out4.txt 2 69 80 33 83 81 17 
out11.txt 2 42 87 24 32 63 27 
out3.txt 1 88 23 18 39 13 82 
out1.txt 2 94 89 36 63 85 66 
out3.txt 2 96 80 83 64 68 62 
out9.txt 2 21 3 43 54 89 21 
out10.txt 1 31 5 84 71 59 58 
out11.txt 2 15 25 33 56 31 41 
out3.txt 2 33 66 4 64 35 40 
out1.txt 2 6 49 7 84 36 50 
out8.txt 2 100 6 26 16 57 31 
out9.txt 1 88 58 59 80 90 49 
out9.txt 1 58 8 49 88 14 81 
out9.txt 1 23 63 85 9 69 44 
out2.txt 1 5 93 60 30 31 91 
out3.txt 1 59 52 62 20 35 36 
out5.txt 1 73 80 89 74 85 38 
out3.txt 1 2 26 32 10 69 88 
out11.txt 1 85 44 85 65 17 15 
out2.txt 2 3 98 11 87 55 60 
out11.txt 1 20 55 57 89 44 15 
out11.txt 1 33 50 1 97 62 91 
out1.txt 1 44 33 93 34 71 34 
out9.txt 2 28 97 70 89 52 38 
out5.txt 2 1 48 40 25 3 35 
out9.txt 1 42 86 32 8 62 38 
out7.txt 2 19 77 6 12 62 2 
out5.txt 1 79 54 90 95 80 69 
out2.txt 1 22 73 51 71 23 76 
out6.txt 1 52 56 20 10 27 12 
out11.txt 2 12 24 93 31 72 85 
out5.txt 2 90 2 80 68 6 79 
out7.txt 1 81 16 25 42 78 68 
out5.txt 2 86 14 21 96 35 43 
out8.txt 2 92 62 89 60 70 9 
out8.txt 1 38 20 40 100 77 70 
out6.txt 2 84 98 23 50 94 28 
out8.txt 1 66 21 48 89 9 81 
out9.txt 1 27 46 47 86 41 83 
out4.txt 2 91 19 61 44 31 8 
out7.txt 1 62 43 97 36 77 60 
out2.txt 2 79 41 69 5 89 64 
out10.txt 2 82 38 82 65 79 70 
out5.txt 1 22 78 91 47 47 2 
out3.txt 2 79 47 86 31 85 52 
out6.txt 1 13 38 12 25 99 49 
out7.txt 2 23 64 28 78 2 21 
out4.txt 1 97 50 35 85 21 23 
out8.txt 2 3 74 59 99 56 47 
out10.txt 1 84 83 59 20 43 79 
out5.txt 2 48 93 49 68 37 71 
out10.txt 1 54 55 57 30 1 90 
out7.txt 1 62 91 67 97 44 42 
out4.txt 1 44 50 53 26 9 52 
out7.txt 1 51 93 94 71 64 9 
out9.txt 2 23 85 40 15 47 42 
out8.txt 2 20 35 95 76 52 54 
out6.txt 1 9 77 24 71 65 50 
out6.txt 1 30 67 39 56 10 80 
out2.txt 1 74 31 65 63 3 73 
out11.txt 2 37 46 43 48 32 48 
out1.txt 2 95 45 28 48 31 10 
out1.txt 1 12 29 83 14 17 41 
out5.txt 2 70 27 63 67 97 29 
out7.txt 2 42 36 42 58 52 83 
out10.txt 1 50 2 47 76 7 56 
out7.txt 1 56 53 83 1 80 11 
out11.txt 1 6 3 63 41 69 42 
out3.txt 1 93 17 40 4 28 66 
out1.txt 1 55 67 82 36 9 28 
out8.txt 1 88 88 86 1 71 24 
out6.txt 1 16 64 77 32 12 66 
out5.txt 1 83 72 50 89 92 92 
out1.txt 1 20 94 96 34 69 90 
out2.txt 2 67 86 97 27 82 2 
out1.txt 2 91 82 12 9 64 72 
out11.txt 1 1 86 4 34 60 42 
out4.txt 1 91 41 38 76 4 57 
out11.txt 1 17 35 44 82 17 19 
out9.txt 1 95 100 100 42 46 19 
out1.txt 1 5 51 25 29 28 84 
out9.txt 1 78 69 87 94 40 30 
out4.txt 2 58 58 78 39 65 36 
out2.txt 1 52 64 27 94 67 52 
out1.txt 2 49 59 94 21 8 6 
out3.txt 2 23 74 5 46 91 33 
out8.txt 1 46 16 43 88 28 32 
out9.txt 1 22 56 38 21 41 3 
out5.txt 2 55 70 50 54 29 16 
out2.txt 2 100 60 52 54 51 6 
out7.txt 1 1 74 40 91 27 13 
out4.txt 2 29 61 36 76 42 24 
out1.txt 1 9 52 54 33 1 73 
out9.txt 2 87 26 9 70 98 77 
out2.txt 2 43 97 93 32 31 61 
out1.txt 2 98 35 78 6 52 18 
out10.txt 1 30 4 62 25 49 90 
out10.txt 1 19 49 12 100 91 61 
out3.txt 1 25 24 49 26 54 86 
out11.txt 2 47 70 51 51 5 11 
out11.txt 1 1 99 13 22 50 72 
out3.txt 2 35 37 24 54 69 91 
out3.txt 2 61 26 49 45 98 77 
out10.txt 2 33 25 93 47 84 13 
out10.txt 1 76 13 11 17 58 32 
out1.txt 2 73 70 30 63 58 24 
out9.txt 1 36 14 21 61 9 53 
out4.txt 2 45 2 68 95 53 53 
out2.txt 1 66 22 14 25 83 49 
out7.txt 2 4 100 41 24 29 97 
out5.txt 2 99 33 84 6 21 77 
out2.txt 1 65 31 1 18 60 51 
out9.txt 2 23 41 67 90 12 46 
out5.txt 1 96 43 58 60 6 5 
out3.txt 1 96 67 50 73 44 68 
out8.txt 2 79 53 68 73 33 42 
out7.txt 2 91 56 49 57 48 2 
out3.txt 1 81 22 4 55 57 63 
out5.txt 1 41 68 88 82 76 67 
out2.txt 2 5 39 8 39 52 84 
out3.txt 2 18 17 86 57 13 50 
out1.txt 1 95 62 96 21 2 34 
out4.txt 1 12 24 22 15 92 99 
out2.txt 2 25 3 46 28 77 51 
out10.txt 1 80 17 30 54 74 78 
out2.txt 2 35 95 6 35 77 7 
out6.txt 2 55 26 35 18 88 73 
out7.txt 2 86 55 1 44 16 8 
out7.txt 2 90 48 30 72 15 54 
out9.txt 1 99 49 61 32 98 22 
out1.txt 2 45 71 100 94 36 60 
out5.txt 2 71 81 82 56 97 71 
out11.txt 2 22 42 86 100 4 5 
out7.txt 1 84 59 18 9 2 3 
out9.txt 2 58 23 80 12 96 75 
out10.txt 1 58 99 21 23 60 75 
out4.txt 1 53 30 57 17 89 45 
out6.txt 1 86 67 20 25 99 61 
out1.txt 1 1 18 64 99 8 21 
out5.txt 1 26 97 5 2 94 42 
out3.txt 2 56 49 59 32 2 100 
out8.txt 2 66 43 68 100 22 66 
out5.txt 2 16 24 63 79 60 27 
out7.txt 1 51 73 50 11 37 82 
out11.txt 2 37 39 34 16 55 59 
out2.txt 2 18 100 89 14 52 100 
out6.txt 2 74 52 46 68 24 1 
out7.txt 2 45 17 94 28 79 88 
out7.txt 2 2 8 43 33 12 58 
out7.txt 2 100 86 64 80 83 36 
out3.txt 1 16 44 41 47 21 75 
out4.txt 1 16 67 30 29 22 44 
out3.txt 2 21 36 45 11 18 20 
out9.txt 2 71 17 69 1 61 98 
out10.txt 2 76 46 63 91 85 64 
out2.txt 1 36 53 45 80 52 18 
out9.txt 2 32 39 50 39 31 59 
out5.txt 2 54 12 99 9 12 97 
out9.txt 1 23 11 21 100 69 9 
out7.txt 2 49 84 80 47 3 29 
out1.txt 2 70 32 62 32 96 1 
out10.txt 1 7 64 42 100 78 99 
out5.txt 1 61 59 78 39 74 31 
out5.txt 1 24 99 38 54 25 87 
out7.txt 2 34 72 6 34 38 99 
out6.txt 2 17 66 12 95 18 54 
out7.txt 2 22 9 91 99 14 8 
out9.txt 2 67 44 73 19 53 50 
out5.txt 1 94 19 2 18 95 89 
out10.txt 2 4 11 10 46 4 99 
out6.txt 1 7 26 39 68 23 68 
out8.txt 1 47 1 1 92 99 35 
out7.txt 1 81 65 89 19 93 27 
out9.txt 2 55 2 31 95 27 26 
out4.txt 1 14 3 59 27 79 29 
out7.txt 1 1 19 96 48 27 42 
out5.txt 1 59 41 100 65 3 88 
out4.txt 2 56 74 57 52 25 11 
out5.txt 2 41 6 11 19 48 93 
out4.txt 1 63 22 83 92 85 54 
out7.txt 1 60 49 58 81 44 37 
out8.txt 2 91 98 96 84 17 49 
out8.txt 1 82 71 14 80 41 50 
out7.txt 2 35 98 84 55 33 17 
out9.txt 1 44 59 44 50 54 23 
out4.txt 2 42 83 81 88 75 26 
out9.txt 2 3 72 77 79 18 42 
out5.txt 1 80 75 43 65 15 53 
out2.txt 2 75 12 25 52 52 79 
out1.txt 1 58 77 100 86 16 44 
out11.txt 2 95 16 63 6 55 61 
out3.txt 2 97 48 28 42 91 43 
out10.txt 1 14 84 66 63 38 28 
out8.txt 2 87 92 100 1 74 24 
out7.txt 1 53 46 33 20 80 61 
out7.txt 1 52 54 29 39 69 19 
out4.txt 2 51 54 19 52 96 81 
out4.txt 2 9 16 17 42 98 78 
out2.txt 2 35 47 62 2 65 9 
out1.txt 1 40 93 97 31 41 1 
out4.txt 1 11 8 23 82 58 29 
out6.txt 2 5 100 81 23 88 33 
out6.txt 2 100 35 27 66 34 24 
out8.txt 2 57 73 38 26 80 28 
out6.txt 1 55 96 47 82 72 89 
out5.txt 2 17 37 74 11 25 7 
out6.txt 2 72 97 51 83 27 15 
out7.txt 1 27 2 81 25 40 57 
out3.txt 2 37 75 14 3 34 29 
out3.txt 2 23 55 40 38 71 66 
out6.txt 1 71 27 91 22 64 10 
out5.txt 1 14 27 13 23 95 37 
out8.txt 1 79 5 5 93 25 37 
out10.txt 1 65 18 12 65 72 99 
out10.txt 2 21 15 87 77 49 25 
out5.txt 1 74 29 14 44 27 61 
out6.txt 1 67 14 59 64 71 85 
out5.txt 1 85 26 45 79 90 14 
out5.txt 2 74 62 74 42 3 23 
out7.txt 2 99 28 86 41 10 52 
out5.txt 1 91 33 37 21 49 100 
out5.txt 1 89 82 88 96 35 74 
out9.txt 1 50 32 9 1 24 29 
out1.txt 2 45 80 55 93 58 45 
out4.txt 2 2 100 26 63 88 99 
out5.txt 2 19 28 13 61 97 25 
out2.txt 2 34 97 7 100 65 48 
out11.txt 2 36 41 69 8 73 31 
out6.txt 1 15 17 36 50 26 47 
out6.txt 1 78 6 47 13 54 69 
out9.txt 2 76 97 73 17 59 6 
out11.txt 2 25 75 5 23 38 23 
out4.txt 1 84 93 68 7 89 61 
out7.txt 1 70 29 43 52 29 59 
out4.txt 2 61 39 38 20 52 15 
out7.txt 2 98 9 59 37 17 49 
out6.txt 2 56 40 80 49 15 52 
out1.txt 1 31 12 12 38 26 3 
out5.txt 1 2 4 87 7 78 45 
out10.txt 1 9 48 86 6 58 61 
out9.txt 1 47 5 88 56 62 79 
out6.txt 2 65 77 19 32 69 61 
out1.txt 2 13 8 32 4 48 46 
out10.txt 2 8 96 98 54 21 63 
out5.txt 1 69 6 63 69 65 17 
out6.txt 2 4 10 92 49 26 12 
out5.txt 2 76 71 72 35 58 92 
out1.txt 2 13 25 68 62 54 42 
out7.txt 1 2 29 70 55 43 3 
out3.txt 2 48 72 10 70 85 25 
out1.txt 1 1 80 36 10 51 41 
out11.txt 2 74 46 20 73 17 11 
out9.txt 2 90 99 29 10 34 53 
out9.txt 1 97 59 45 34 14 85 
out4.txt 2 66 61 3 79 21 5 
out5.txt 2 5 41 74 28 18 98 
out8.txt 1 46 8 51 94 21 75 
out8.txt 2 47 67 62 13 97 98 
out3.txt 2 82 76 81 77 11 50 
out4.txt 2 53 24 37 58 85 19 
out5.txt 1 44 87 4 92 4 24 
out4.txt 2 31 32 13 35 66 88 
out9.txt 2 25 22 36 73 77 27 
out11.txt 1 98 16 41 91 22 78 
out11.txt 1 25 38 49 19 99 82 
out8.txt 2 43 93 77 61 6 5 
out4.txt 1 67 35 86 93 27 7 
out11.txt 1 84 73 43 83 22 94 
out10.txt 2 66 59 34 16 70 11 
out11.txt 1 76 55 23 10 11 11 
out3.txt 2 84 19 43 96 49 83 
out10.txt 1 91 22 23 19 23 13 
out8.txt 2 37 59 66 22 97 96 
out3.txt 1 59 66 75 98 30 60 
out5.txt 2 80 81 44 31 16 31 
out6.txt 2 59 25 52 46 10 61 
out2.txt 2 12 14 78 1 77 9 
out1.txt 1 50 70 47 34 24 22 
out7.txt 2 27 67 49 12 46 51 
out1.txt 1 32 12 91 36 24 87 
out5.txt 1 93 68 57 13 20 73 
out4.txt 1 43 87 18 89 72 21 
out1.txt 1 97 55 73 14 44 90 
out10.txt 1 50 56 59 58 48 26 
out8.txt 2 54 36 48 47 87 66 
out9.txt 2 25 68 14 63 33 39 
out1.txt 1 58 62 25 69 27 53 
out6.txt 2 21 25 33 43 17 32 
out6.txt 2 26 40 55 86 55 18 
out7.txt 2 87 39 92 17 49 70 
out4.txt 1 10 75 36 78 61 33 
out8.txt 1 49 31 44 15 81 79 
out6.txt 2 12 98 37 6 46 78 
out3.txt 1 51 58 63 6 47 68 
out8.txt 2 57 20 63 32 64 4 
out6.txt 2 39 81 85 94 7 29 
out8.txt 1 46 3 78 16 70 18 
out2.txt 1 4 22 64 14 30 67 
out11.txt 1 64 19 49 15 34 94 
out1.txt 1 61 60 4 61 75 28 
out1.txt 1 27 82 88 47 49 94 
out6.txt 1 98 30 86 54 92 60 
out7.txt 1 61 5 67 12 17 25 
out10.txt 1 52 85 72 28 16 44 
out1.txt 1 51 33 64 63 89 13 
out10.txt 1 21 52 82 64 68 22 
out11.txt 1 82 74 77 98 11 27 
out4.txt 1 45 42 17 61 76 63 
out3.txt 2 18 58 97 21 9 40 
out10.txt 1 53 94 59 15 14 19 
out9.txt 2 21 98 62 9 94 94 
out8.txt 2 75 55 61 62 50 59 
out5.txt 1 88 59 65 72 13 92 
out10.txt 1 82 97 82 100 30 65 
out11.txt 2 40 81 66 46 93 32 
out8.txt 1 73 86 13 90 51 26 
out7.txt 1 25 78 40 28 20 34 
out5.txt 2 52 73 75 45 4 65 
out6.txt 2 2 98 87 35 52 69 
out10.txt 2 73 97 8 33 1 42 
out1.txt 1 54 24 15 33 64 57 
out7.txt 2 16 6 81 37 69 7 
out10.txt 2 98 95 82 67 63 91 
out8.txt 1 70 57 72 44 77 40 
out2.txt 2 69 76 78 88 96 4 
out6.txt 1 16 12 41 20 7 67 
out8.txt 2 22 18 66 23 34 97 
out9.txt 1 95 66 17 98 3 71 
out7.txt 2 27 52 68 92 80 34 
out5.txt 1 65 46 78 7 51 9 
out7.txt 1 65 87 41 49 53 74 
out4.txt 2 42 32 20 4 88 77 
out4.txt 2 21 6 21 70 64 96 
out11.txt 1 44 66 81 65 81 12 
out8.txt 2 83 24 71 84 28 99 
out3.txt 1 6 99 77 92 50 48 
out4.txt 2 37 91 59 41 13 58 
out10.txt 1 27 66 57 95 30 81 
out1.txt 2 100 84 73 64 47 64 
out1.txt 1 79 42 75 28 62 97 
out1.txt 1 69 35 63 89 5 8 
out4.txt 2 92 10 39 87 40 36 
out3.txt 2 36 62 59 18 47 53 
out3.txt 1 21 15 91 68 13 88 
out11.txt 1 99 66 40 90 1 54 
out3.txt 2 77 100 51 31 73 53 
out10.txt 2 11 55 60 37 78 29 
out11.txt 2 57 100 96 98 2 73 
out10.txt 1 85 15 84 49 46 87 
out4.txt 2 60 71 40 10 8 60 
out10.txt 1 45 31 68 6 77 17 
out10.txt 2 41 54 47 64 80 23 
out8.txt 2 10 87 47 33 98 57 
out3.txt 1 12 98 10 1 100 36 
out3.txt 2 59 26 33 71 29 22 
out7.txt 2 62 32 63 74 49 96 
out8.txt 2 57 51 6 34 66 30 
out7.txt 2 37 90 58 43 27 50 
out4.txt 1 99 79 25 42 64 2 
out4.txt 2 44 100 49 66 92 2 
out4.txt 2 12 49 65 45 7 90 
out9.txt 2 6 59 36 68 12 59 
out7.txt 2 50 68 40 23 32 73 
out11.txt 2 72 20 73 2 72 38 
out2.txt 2 58 57 79 13 96 15 
out10.txt 2 57 57 20 41 27 64 
out10.txt 2 61 71 67 76 95 1 
out5.txt 1 32 93 86 77 3 24 
out11.txt 1 7 93 97 86 16 28 
out8.txt 1 25 35 76 17 60 96 
out3.txt 2 46 5 13 63 3 36 
out8.txt 2 42 91 4 44 16 59 
out1.txt 1 7 39 58 37 77 8 
out8.txt 1 42 14 99 48 15 2 
out6.txt 2 51 54 84 71 83 88 
out4.txt 2 52 22 29 86 55 69 
out5.txt 1 38 17 95 1 30 88 
out2.txt 1 77 91 35 46 80 81 
out6.txt 2 55 41 1 17 11 47 
out10.txt 2 12 94 86 79 80 64 
out9.txt 2 12 81 91 6 43 88 
out10.txt 2 60 56 88 20 87 18 
out7.txt 1 1 92 82 76 15 57 
out10.txt 2 69 54 30 95 36 73 
out10.txt 1 38 27 27 80 68 12 
out8.txt 1 56 9 92 5 56 21 
out8.txt 1 35 1 67 88 71 52 
out8.txt 2 38 87 99 67 13 12 
out7.txt 1 58 85 71 40 37 51 
out11.txt 1 61 20 96 66 19 14 
out10.txt 1 32 1 20 86 35 51 
out5.txt 1 33 45 61 58 84 48 
out2.txt 2 17 54 14 69 66 19 
out6.txt 1 8 91 15 61 25 44 
out4.txt 2 64 24 59 32 47 89 
out7.txt 1 97 52 5 88 41 75 
out9.txt 1 20 69 41 8 87 46 
out8.txt 2 87 100 14 76 4 45 
out8.txt 1 7 78 67 48 99 27 
out9.txt 1 42 32 11 78 57 63 
out4.txt 2 73 71 23 59 80 17 
out5.txt 2 59 89 56 95 37 99 
out7.txt 1 33 66 10 22 59 41 
out11.txt 2 44 16 50 71 50 77 
out5.txt 1 82 36 61 25 73 68 
out6.txt 2 85 71 19 92 53 79 
out1.txt 2 46 69 16 97 15 31 
out1.txt 1 11 37 51 75 26 65 
out2.txt 1 85 8 74 63 78 58 
out6.txt 2 24 97 79 73 94 9 
out11.txt 1 50 99 35 81 72 44 
out8.txt 1 51 27 97 27 35 27 
out10.txt 1 52 70 43 95 24 65 
out5.txt 1 95 57 33 38 90 37 
out1.txt 2 49 8 40 42 44 85 
out3.txt 2 73 62 33 22 47 19 
out11.txt 1 18 7 4 4 85 83 
out4.txt 1 92 37 37 13 16 22 
out8.txt 2 43 48 30 45 100 47 
out7.txt 1 11 82 58 52 45 48 
out2.txt 1 51 8 48 2 19 65 
out9.txt 1 2 66 34 88 95 53 
out8.txt 1 33 43 94 49 57 36 
out6.txt 2 74 30 97 70 61 75 
out4.txt 2 50 62 95 94 100 47 
out3.txt 2 13 40 29 46 69 98 
out3.txt 2 53 52 11 6 13 84 
out5.txt 1 63 56 98 91 42 80 
out8.txt 1 17 100 18 15 86 85 
out6.txt 2 9 91 13 100 61 49 
out5.txt 2 32 36 19 33 14 73 
out8.txt 1 48 10 64 23 54 99 
out7.txt 2 47 85 85 25 79 54 
out8.txt 2 78 22 71 57 7 50 
out9.txt 1 39 31 10 37 59 73 
out10.txt 1 31 81 60 38 76 15 
out7.txt 2 4 84 83 17 37 51 
out1.txt 2 68 7 10 49 63 28 
out10.txt 2 32 5 69 22 24 42 
out1.txt 2 78 57 37 1 68 38 
out6.txt 1 52 34 25 41 27 93 
out11.txt 1 31 52 31 8 65 37 
out9.txt 1 77 62 40 56 4 18 
out2.txt 1 55 1 8 7 10 26 
out4.txt 1 52 43 51 12 69 14 
out3.txt 1 15 70 54 59 29 43 
out7.txt 1 33 77 54 100 9 65 
out4.txt 2 60 75 72 9 27 92 
out2.txt 2 30 55 20 35 63 2 
out8.txt 1 68 77 58 85 59 71 
out7.txt 2 60 63 68 73 98 33 
out5.txt 1 59 13 54 26 25 36 
out8.txt 1 47 82 84 48 93 35 
out6.txt 2 71 24 84 71 36 97 
out4.txt 1 49 36 29 28 79 89 
out10.txt 1 79 84 37 66 65 10 
out5.txt 2 27 39 52 82 91 71 
out2.txt 2 2 65 55 88 26 48 
out7.txt 1 62 12 74 76 8 20 
out11.txt 2 16 96 62 5 19 53 
out3.txt 2 63 16 92 30 5 27 
out11.txt 2 70 26 92 76 10 74 
out5.txt 1 86 47 67 89 57 3 
out7.txt 1 98 56 57 76 76 90 
out5.txt 1 41 99 27 78 31 3 
out9.txt 2 24 100 2 31 85 45 
out11.txt 2 77 96 91 35 83 30 
out3.txt 1 17 46 77 42 6 2 
out2.txt 2 87 49 70 9 49 55 
out8.txt 1 34 51 54 82 61 14 
out9.txt 1 91 89 22 79 20 85 
out5.txt 1 65 44 35 59 31 51 
out10.txt 2 51 93 60 64 88 55 
out9.txt 1 46 14 36 48 36 57 
out4.txt 1 80 88 97 76 89 31 
out3.txt 2 2 7 30 80 17 21 
